FEATURE                                                      T VALUE                        P VALUE                        DIFF MEAN VALUE                DIFF MEAN PERCENTAGE          
user_verified                                                -8.69855649308725098479        0.00000000000000000430                          -0.1458266294 -0.19556362997531337444       
text_num_caps_digits                                         +8.53143813421943164599        0.00000000000000001817                          +2.9532653369 +0.21660709178160156285       
text_num_caps_digits_exclam                                  +8.31773186198049252482        0.00000000000000011032                          +2.9462644041 +0.21156275383792974565       
text_num_caps                                                +7.37300603310724245176        0.00000000000018982640                          +2.3698793905 +0.20108646513201036687       
text_num_caps_exclam                                         +7.16504376471533177551        0.00000000000087281045                          +2.3628784577 +0.19564516787011737575       
text_num_digits                                              +7.05903629667134602244        0.00000000000186958317                          +0.5833859464 +0.31554343104567000866       
user_screen_name_has_caps_digits                             +6.79642373214002759596        0.00000000001178100595                          +0.1114833627 +0.14605088684670838872       
user_screen_name_num_caps_digits                             +5.82872389377630195639        0.00000000588121100628                          +0.3621432325 +0.18534840327823834394       
user_screen_name_has_caps_digits_underscores                 +5.70757823906140782100        0.00000001201798678693                          +0.0888517656 +0.11161387600255696928       
user_screen_name_num_caps_digits_underscores                 +5.59828483311374114351        0.00000002262544180715                          +0.3532930351 +0.17209166520427296443       
user_screen_name_has_caps                                    +5.35583999643755248599        0.00000008838704498429                          +0.0913374786 +0.12424257988891569682       
num_urls_is_nonzero                                          +5.01163152209929929626        0.00000055546626709527                          +0.0938145359 +0.24997417469491858832       
num_urls                                                     +4.98584368834203406351        0.00000063457724714638                          +0.0951363120 +0.25077523381462302199       
user_screen_name_num_caps                                    +4.59584925458091486661        0.00000439979639098320                          +0.2694524100 +0.14962808594746418445       
created_at_weekday_sun_mon_tue                               +4.55602496819362734470        0.00000531821008238821                          +0.0871847798 +0.20367304488921580963       
user_screen_name_num_caps_underscores                        +4.35609937975342464966        0.00001346469570402121                          +0.2606022126 +0.13716640838238020050       
user_screen_name_has_caps_underscores                        +4.17420324343184212523        0.00003033387736915433                          +0.0681208580 +0.08865187392674138411       
user_screen_name_has_digits                                  +4.00926857794722035777        0.00006165950921821625                          +0.0375779522 +0.60022886257953877998       
user_description_num_exclam                                  +3.90125937312726689399        0.00009675917875963300                          +0.0965375169 +0.44908612812351450527       
user_followers_count_per_day                                 -3.63167889914798003304        0.00028397619944804539                        -456.2019746065 -0.39363895867615733559       
user_screen_name_num_digits                                  +3.43921080298013759347        0.00058745594493451049                          +0.0926908225 +0.60567595111508831796       
user_listed_count_per_day                                    -3.41777244816187142362        0.00063563330533552675                          -0.8744190887 -0.22116831499454098209       
user_friends_count_per_day                                   +3.36311261399803873573        0.00077560311848616048                          +1.8731819257 +0.51582192037971763554       
user_followers_count                                         -3.26262062404897568157        0.00111016076037015942                    -1091831.0212858906 -0.33866393820986506746       
num_media                                                    -3.25562375641857704167        0.00113783067671653117                          -0.0435289996 -0.31752465830608506137       
created_at_hour_18_to_00                                     -3.23215653947273517943        0.00123535800778445037                          -0.0606601549 -0.16054375966707720713       
num_media_is_nonzero                                         -3.23066680373507431057        0.00124180263026520891                          -0.0429439762 -0.31442459128720473549       
user_description_num_caps_exclam                             +3.14907190631085232013        0.00164608597263901277                          +1.3016032391 +0.11266428988361382180       
created_at_hour_08_to_17                                     +3.14690240045717795070        0.00165832748771026347                          +0.0608210490 +0.12853326030209030750       
user_statuses_count_per_day                                  +3.00495427872295817195        0.00266738786396624079                          +3.0627589748 +0.19485893548832922129       
text_num_swears                                              -2.98705738725803726652        0.00282836836204724152                          -0.0186285911 -0.81937996957936065634       
user_description_num_non_a_to_z                              +2.96905167098084632471        0.00299923689022872598                          +2.5675180140 +0.07346485091306358128       
user_description_num_caps                                    +2.95790751662524042942        0.00310965737703582275                          +1.2050657222 +0.10628583734942130545       
user_description_num_non_a_to_z_non_digits                   +2.95778568452991841298        0.00311088476024148431                          +2.4611532242 +0.07314865741552943612       
user_description_num_caps_with_num_nonstandard               +2.95419620171281405163        0.00314724544039675846                          +2.3486072472 +0.07625356606038789786       
user_profile_use_background_image                            +2.86293698424922649082        0.00421215183874502387                          +0.0472168365 +0.06198129934536379670       
user_screen_name_num_digits_underscores                      +2.85569244490447982088        0.00430932407291492996                          +0.0838406252 +0.33254148366441393936       
user_screen_name_num_weird_chars                             +2.85569244490447982088        0.00430932407291492996                          +0.0838406252 +0.33254148366441393936       
user_listed_count                                            -2.55814851799028275536        0.01054790630598751063                       -2091.5358936551 -0.18218023263365606956       
user_favourites_count_per_day                                +2.55421746551473338727        0.01066761395540802293                          +2.1142383624 +0.32666352593232228507       
user_name_has_weird_chars                                    +2.44129540958591695343        0.01466390719685074090                          +0.0281366215 +0.28642011641855852355       
user_name_has_underscores                                    +2.32226803187070451884        0.02025241432449593690                          +0.0163215928 +0.47860431856189333821       
user_name_has_digits_underscores                             +2.21806595394656191900        0.02658832483519989187                          +0.0177355267 +0.39746461633227325727       
user_description_num_nonstandard                             +2.17150471079279405728        0.02993281139725200921                          +1.1435415250 +0.05875767156945060909       
user_friends_count                                           +2.14431126773140645625        0.03204874419941486363                       +2782.9841722912 +0.43421444381855583972       
user_default_profile                                         +2.07536761980416706308        0.03799576178479912442                          +0.0317995096 +0.16369109996023314957       
created_at_hour_of_week                                      -2.05139594789903911831        0.04027251939954344662                          -3.8447462964 -0.04425203221098603784       
user_created_at_delta                                        -2.01899543683751181433        0.04353289764142145163                         -73.4623874250 -0.03045444008735938984       
user_statuses_count                                          +1.98127971414701287145        0.04760632681384598108                       +5587.9236888144 +0.14055912177167209642       
created_at_weekday                                           -1.92008274514383447951        0.05489567292437259188                          -0.1495776019 -0.03721602370790108583       
user_name_has_nonprintable_chars                             +1.75805542736152742300        0.07878999542386135035                          +0.0152925830 +0.28705249713372810172       
user_name_num_nonprintable_chars                             +1.75805542736152742300        0.07878999542386135035                          +0.0152925830 +0.28705249713372810172       
user_favourites_count                                        +1.75683044059637549772        0.07899865235454697765                       +2824.1842660782 +0.24282882110681386356       
num_mentions                                                 +1.67355310232788268010        0.09427154344597162006                          +0.0553531932 +0.02435259542857105830       
text_num_nonstandard                                         +1.62992081178350156634        0.10317168793059404430                          +0.6289052476 +0.02575074005416782760       
tweet_id                                                     +1.62776614526509466607        0.10362794925576854221           +3618336130302464.0000000000 +0.00459909213873798458       
user_screen_name_has_digits_underscores                      +1.56550467540210913597        0.11751832452650237681                          +0.0217018733 +0.14388171114928721694       
user_screen_name_has_weird_chars                             +1.56550467540210913597        0.11751832452650237681                          +0.0217018733 +0.14388171114928721694       
user_description_num_nonstandard_extended                    +1.39459840311684035719        0.16318955311498115068                          +0.6762967255 +0.03908202425741739983       
user_name_has_caps_digits                                    +1.37797173956970309128        0.16826434210917781686                          +0.0081847269 +0.00838678375406800257       
num_mentions_is_more_than_2                                  +1.35125934836062966404        0.17666424979961575792                          +0.0092687258 +0.28602026232157240493       
text_num_nonstandard_extended                                +1.25339046584546021101        0.21011337294653809060                          +0.4740446145 +0.02225387853651708894       
user_name_has_caps                                           +1.18286902094478341141        0.23690878845441876166                          +0.0070742516 +0.00725141550559287723       
created_at_hour                                              -1.16527750571188248863        0.24395385387751294948                          -0.2548838507 -0.01767228279766804716       
user_name_num_digits_underscores                             +1.12459643139452292182        0.26080589854854979714                          +0.0304390374 +0.25703106943283171582       
user_name_num_weird_chars                                    +1.10052271785550215277        0.27114939598233323004                          +0.0859388684 +0.20148118143922269518       
user_name_has_caps_underscores                               +1.04887859280968775977        0.29427702016733714441                          +0.0057850617 +0.00590733776835372388       
user_description_num_digits                                  +1.02624906765249090945        0.30481632729323121511                          +0.1063647898 +0.08162943636911600132       
user_name_has_caps_digits_underscores                        +1.01760786133149405686        0.30890613237491137966                          +0.0055900539 +0.00570721940479797674       
num_hashtags_is_nonzero                                      +0.97175931427093664716        0.33121019136142093586                          +0.0166382896 +0.06250228082999179091       
user_name_num_digits                                         +0.92931199236783879059        0.35276549231467313472                          +0.0094311475 +0.38602210591904972947       
user_name_num_underscores                                    +0.86064338750958002677        0.38946950124127421855                          +0.0210078899 +0.22350271337865237897       
geo_coordinates                                              +0.75236611853918100579        0.45186097138484271341                          +0.0250903248 +0.06038479956967777312       
num_hashtags                                                 +0.75236611853918100579        0.45186097138484271341                          +0.0250903248 +0.06038479956967777312       
user_screen_name_has_underscores                             -0.74591701711352520476        0.45574730213312364402                          -0.0083573317 -0.09071475678726242942       
user_screen_name_num_underscores                             -0.71119103453839893625        0.47699401643818417629                          -0.0088501973 -0.08932031366522369398       
retweet_count_per_day                                        +0.70852610168933460866        0.47864663882296631936                          +0.2213665003 +0.09685454741601869089       
retweet_count                                                -0.63877631348583419069        0.52299328861291960457                        -121.1012823672 -0.03607861000172325056       
user_name_has_digits                                         +0.57918601693206117620        0.56248580648111279334                          +0.0024648375 +0.20177433620408360970       
user_name_num_caps_digits_underscores                        +0.54240247783598560805        0.58756178677826875756                          +0.0347943813 +0.01322828378811882928       
user_name_num_caps_underscores                               +0.40425612076874867240        0.68603906159413663435                          +0.0253632339 +0.00973311415553499565       
user_default_profile_image                                   +0.36290854037302983093        0.71668622458125308405                          +0.0009317605 +0.21122293977920997277       
text_num_exclam                                              -0.23474997021671648034        0.81441095787411010853                          -0.0070009328 -0.02397646589099221986       
user_name_num_caps_digits                                    +0.23252637146262444823        0.81613728320399336891                          +0.0137864914 +0.00543565324472766818       
user_name_num_caps                                           +0.07502065006393934810        0.94020082866916820930                          +0.0043553439 +0.00173390051354878187       
