UNSCALED:

/usr/bin/python /Users/longaster/Desktop/UROP2017/fakenews/marian/models.py
2017-09-04 17:08:54.126305	svm	poly	500	3	1E+03	0.2292081584	0.4851286171	0.1237333060	0.8120108650	0.2146400683	145.8	879.8	28.8	124.4
2017-09-04 17:08:58.969712	svm	poly	500	3	1E+02	0.2338057198	0.4875714730	0.1268980867	0.8341312282	0.2200940404	147.8	877.8	25.4	127.8
2017-09-04 17:09:06.395619	svm	poly	500	3	1E+01	0.1834138045	0.4913669567	0.1289886276	0.9189966896	0.2262066279	75.4	950.2	12.4	140.8
2017-09-04 17:09:08.548754	svm	poly	500	3	1E+00	0.1377677930	0.4980134815	0.1299674058	0.9895424837	0.2297572585	10.8	1014.8	1.6	151.6
2017-09-04 17:09:13.018506	svm	poly	500	3	1E+04	0.2563885285	0.4926734041	0.1252997491	0.7884899414	0.2160721313	181.4	844.2	32.4	120.8
2017-09-04 17:09:17.179526	svm	poly	500	3	1E+05	0.2563885285	0.4982058527	0.1252997491	0.7884899414	0.2160721313	181.4	844.2	32.4	120.8
2017-09-04 17:09:24.348935	svm	poly	500	3	1E+06	0.2563885285	0.4900549143	0.1252997491	0.7884899414	0.2160721313	181.4	844.2	32.4	120.8
2017-09-04 17:09:25.758367	svm	poly	500	3	1E+07	0.2563885285	0.4846662717	0.1252997491	0.7884899414	0.2160721313	181.4	844.2	32.4	120.8
2017-09-04 17:09:28.367748	svm	poly	500	3	1E+08	0.2563885285	0.4906212487	0.1252997491	0.7884899414	0.2160721313	181.4	844.2	32.4	120.8
2017-09-04 17:09:30.236536	svm	poly	500	3	1E+09	0.2563885285	0.4906212487	0.1252997491	0.7884899414	0.2160721313	181.4	844.2	32.4	120.8
DONE


SCALED:

/usr/bin/python /Users/longaster/Desktop/UROP2017/fakenews/marian/models.py
2017-09-04 17:10:18.529000	svm	poly	500	3	1E+03	0.2113912622	0.4781771205	0.1261592785	0.8551481199	0.2198429324	118.2	907.4	22.2	131.0
2017-09-04 17:10:23.709333	svm	poly	500	3	1E+02	0.2363502491	0.4866980285	0.1272904427	0.8341312282	0.2206686478	150.8	874.8	25.4	127.8
2017-09-04 17:10:31.057937	svm	poly	500	3	1E+01	0.1944307537	0.4919696941	0.1277793048	0.8930226636	0.2235484535	92.4	933.2	16.4	136.8
2017-09-04 17:10:33.216630	svm	poly	500	3	1E+00	0.1377677930	0.4804219364	0.1299674058	0.9895424837	0.2297572585	10.8	1014.8	1.6	151.6
2017-09-04 17:10:37.815973	svm	poly	500	3	1E+04	0.2292164984	0.4667485028	0.1263703402	0.8342415754	0.2194640516	142.4	883.2	25.4	127.8
2017-09-04 17:10:42.174302	svm	poly	500	3	1E+05	0.2292164984	0.4764173100	0.1263703402	0.8342415754	0.2194640516	142.4	883.2	25.4	127.8
2017-09-04 17:10:49.201399	svm	poly	500	3	1E+06	0.2292164984	0.4660558141	0.1263703402	0.8342415754	0.2194640516	142.4	883.2	25.4	127.8
2017-09-04 17:10:50.789561	svm	poly	500	3	1E+07	0.2292164984	0.4671053066	0.1263703402	0.8342415754	0.2194640516	142.4	883.2	25.4	127.8
2017-09-04 17:10:53.658139	svm	poly	500	3	1E+08	0.2268411724	0.4668877541	0.1261390125	0.8355487650	0.2191592569	139.4	886.2	25.2	128.0
2017-09-04 17:10:55.560572	svm	poly	500	3	1E+09	0.2273479182	0.4711475687	0.1255056079	0.8290128172	0.2179799246	141.0	884.6	26.2	127.0
DONE